
588
640
971
81
487
481
629
577
919
496
174
27
542
280
680
956
104
787
616
847
219
817
819
889
943
312
588
640
971
81
487
481
629
577
919
496
174
ù908
137
933
769
511
1016
243
490
718
765
122
757
575
181
657
225
347
727
122
171
724
1001
1009
347
53
888
257
704
840
39
739
923
522
143
977
792
123
437
204
503
591
332
759
208
779
305
1007
961
918
84
809
85
176
719
33
1003
756
378
887
676
949
915
564
544
322
939
191
484
718
321
658
511
267
757
714
243
840
564
839
283
586
266
522
378
386
122
925
245
303
1006
718
55
97
375
878
1005
918
103
484
135
221
465
736
600
594
62
184
849
527
777
309
506
116
787
184
220
920
1
32
420
884
658
137
71
486
862
686
328
673
360
414
683
228
259
327
352
949
731
889
921
518
621
712
335
397
189
409
816
689
733
715
44
830
924
216
266
583
999
431
348
0
104
833
762
643
228
732
393
534
477
637
141
417
169
492
907
478
322
616
947
705
650
486
116
435
42
114
211
529
363
894
716
446
422
165
82
136
987
1021
813
774
455
310
305
583
832
197
355
301
267
700
478
645
174
311
477
3
305
223
859
561
452
279
250
844
305
757
911
320
374
765
423
51
472
849
147
259
224
723
803
868
669
8
813
399
429
675
398
338
405
400
184
856
745
604
60
271
910
462
41
954
730
666
369
808
586
782
550
692
145
292
674
701
812
967
918
537
860
450
969
558
468
725
657
130
527
487
276
986
579
738
627
899
451
10
277
444
968
877
353
253
144
582
407
1014
33
803
388
186
887
720
728
835
749
397
36
1021
749
700
339
772
84
494
171
598
93
177
977
445
862
108
9
98
276
792
476
872
927
81
642
815
249
139
782
927
53
58
979
989
494
324
51
150
564
118
740
146
126
878
671
715
574
786
511
632
574
423
427
415
608
12
292
666
924
840
473
373
888
427
287
916
917
708
624
989
109
840
252
817
12
288
373
908
274
420
681
971
231
317
367
799
21
830
90
465
253
405
766
565
441
235
837
86
209
833
690
500
356
388
871
164
25
888
206
340
732
299
60
41
565
319
921
507
46
515
840
1005
975
888
537
280
374
354
636
430
841
505
488
641
100
61
1018
935
85
132
790
73
992
321
747
676
1006
1018
883
516
2
838
424
327
648
577
544
786
175
846
806
5
537
583
93
1021
353
639
948
203
954
81
181
817
454
401
782
495
867
609
650
893
373
171
427
213
822
758
586
839
1007
560
484
851
587
810
451
863
498
541
867
247
39
564
145
270
429
479
74
202
6
300
824
808
336
446
981
134
539
313
435
756
114
680
420
565
938
607
104
735
768
544
201
324
818
349
350
333
529
276
922
501
727
258
237
169
114
314
533
258
271
860
521
634
240
106
599
190
18
272
285
966
333
870
649
91
1020
119
935
69
522
125
270
869
388
829
200
986
901
1017
593
157
801
392
635
126
268
769
81
140
257
275
797
694
247
690
113
423
381
855
1004
873
629
828
37
411
894
511
717
895
636
572
939
936
1
893
360
145
835
710
738
227
874
865
923
887
918
249
548
483
721
818
723
464
1001
983
514
252
870
860
619
741
705
74
354
156
80
393
798
577
833
323
763
206
940
208
81
485
656
307
586
607
279
460
495
410
9
555
77
596
979
1015
387
896
185
766
189
590
488
274
658
250
861
691
405
630
365
880
18
537
794
777
482
195
288
944
978
1017
986
1019
563
518
802
725
706
229
419
879
228
354
949
656
588
177
795
779
195
116
389
356
722
475
115
195
409
200
83
123
103
973
165
650
307
501
395
661
582
363
954
548
664
128
277
460
227
896
763
845
852
638
1023
16
858
740
125
938
107
500
465
266
969
745
726
460
37
321
312
615
308
117
189
657
687
546
555
288
236
381
802
19
656
507
57
587
876
144
22
88
935
463
801
405
0
96
759
157
274
538
1007
728
356
552
698
627
1005
366
747
897
660
585
584
586
796
275
452
454
510
160
326
898
384
401
836
622
441
1021
779
393
16
490
856
229
202
658
171
1015
106
523
48
417
617
345
867
102
741
243
772
165
255
380
324
232
292
464
909
420
380
380
71
397
64
885
852
2
316
930
670
217
984
290
266
214
726
515
531
828
691
687
265
102
81
492
82
172
532
981
119
144
950
277
169
553
123
82
723
746
400
494
152
951
482
777
228
218
224
891
121
832
538
209
345
396
397
162
944
71
897
191
594
220
949
279
422
64
5
797
192
431
406
395
86
941
48
57
810
673
535
249
429
391
928
839
396
990
173
532
82
1000
984
730
334
152
975
304
94
514
87
216
638
646
822
541
14
555
943
397
448
552
206
15
706
426
71
28
931
572
393
44
370
100
804
778
859
951
122
752
181
18
507
198
699
969
1009
1019
35
434
859
530
27
557
78
812
709
18
719
476
221
917
613
677
91
136
600
536
996
466
979
925
554
860
656
661
535
244
486
1001
839
438
86
790
442
698
798
89
716
71
988
26
527
386
96
636
627
159
583
571
208
113
130
1016
776
280
971
788
218
972
916
162
615
586
921
774
613
737
234
1013
314
339
533
830
1002
81
946
469
79
698
420
770
211
891
694
150
1010
988
734
965
463
31
194
422
488
499
109
327
111
1009
1018
715
568
786
311
521
183
934
647
802
580
244
458
122
301
36
219
532
973
444
1011
378
811
650
135
978
967
598
994
37
576
667
686
510
117
151
425
209
766
86
527
238
668
906
472
778
738
688
819
41
837
711
498
955
415
66
781
609
799
380
840
299
121
25
299
989
823
649
422
658
569
5
74
625
591
628
321
189
554
131
204
436
157
701
0
50
201
490
836
19
265
67
719
889
894
532
313
898
8
119
584
411
485
598
219
381
800
413
166
557
984
756
744
393
300
265
707
508
611
380
882
38
508
468
28
40
774
2
387
143
274
284
952
733
1023
44
63
491
1002
992
622
964
148
616
16
622
880
540
350
171
197
23
176
393
661
634
654
923
428
152
433
664
523
34
695
785
1010
972
381
106
92
302
713
144
163
105
393
757
499
373
251
298
496
733
119
906
610
985
768
654
31
165
328
641
562
296
797
758
896
239
143
475
285
873
88
874
483
473
629
276
75
154
801
395
518
408
691
647
79
643
930
567
606
604
921
314
890
234
856
563
202
344
884
799
288
217
0
439
868
974
982
289
933
406
747
417
927
91
1011
460
286
379
56
556
251
356
303
108
494
377
452
260
44
280
466
578
311
99
575
559
438
93
662
230
117
410
845
84
904
945
581
812
840
168
190
145
169
244
601
949
655
700
942
489
458
65
976
227
82
628
979
327
636
26
716
889
140
802
201
959
907
660
873
768
109
58
736
797
297
351
791
363
467
936
868
271
190
756
770
190
64
593
90
645
879
53
404
126
274
612
281
553
272
977
1022
587
649
550
872
946
973
1007
893
254
430
861
957
839
163
540
1009
168
619
682
110
143
44
448
428
899
859
958
752
814
189
190
844
468
178
630
115
291
873
834
709
136
23
76
70
808
698
864
423
165
274
641
567
123
291
903
287
387
810
392
874
665
686
707
832
740
604
856
866
201
766
974
619
408
680
625
349
804
382
656
374
398
165
756
696
610
253
18
140
516
734
274
667
617
35
952
673
144
1017
821
759
359
473
929
644
123
676
118
1005
522
482
119
223
826
572
258
905
219
545
201
403
591
378
680
537
578
865
570
545
951
394
944
72
512
969
121
765
941
834
561
210
288
837
653
218
366
331
912
149
828
844
628
645
302
646
1
315
682
15
810
42
189
977
980
866
480
438
479
329
92
6
943
256
118
711
550
495
384
999
566
185
414
909
262
568
352
717
937
829
690
257
0
127
940
800
212
645
788
186
382
989
941
425
4
882
38
196
206
992
33
584
87
388
639
453
987
2
995
893
27
341
905
1
537
933
15
611
929
555
229
754
357
652
369
609
419
172
117
708
254
969
584
833
430
357
547
345
687
107
918
402
822
3
760
39
413
401
606
970
758
260
320
50
202
998
8
297
79
209
279
633
817
305
600
1
224
380
168
335
671
451
1019
71
114
359
971
861
591
554
726
661
786
51
464
354
76
198
585
867
900
252
690
784
728
287
675
36
594
42
330
25
451
678
565
580
337
377
976
601
962
476
728
13
891
969
531
544
270
931
169
151
655
405
89
907
380
237
1009
515
570
949
853
803
500
424
500
474
343
895
758
950
295
842
699
610
567
879
895
40
584
885
943
504
113
583
464
192
878
173
495
701
775
952
522
40
507
375
325
655
585
17
237
927
563
461
927
376
864
782
888
463
739
319
83
917
353
1002
702
128
119
726
1000
352
233
276
305
361
276
263
1002
675
535
140
561
759
139
810
51
342
628
744
259
590
994
160
726
960
93
427
907
107
645
574
246
397
456
648
402
441
28
159
870
799
400
554
976
1
307
293
851
737
835
163
257
603
41
707
570
799
740
35
815
824
721
317
933
777
156
1011
772
92
172
100
651
186
749
345
650
48
699
557
885
175
643
940
890
771
136
475
414
482
334
220
960
932
341
528
989
800
886
283
282
253
51
410
517
565
700
395
360
540
899
1016
134
534
899
239
901
397
595
627
586
410
495
589
429
432
780
1018
616
159
557
219
289
873
920
535
899
62
179
448
4
1000
156
462
973
198
579
127
731
938
391
670
419
697
44
562
568
316
877
66
22
993
301
877
292
989
110
749
292
575
193
244
43
862
944
986
443
399
104
844
439
629
320
875
961
677
843
806
937
669
179
189
984
926
639
313
521
30
252
787
312
370
180
185
235
14
58
871
842
864
709
424
558
882
199
472
518
221
455
712
91
190
814
88
787
706
834
361
238
859
162
584
694
862
806
590
617
302
77
750
515
586
139
88
117
318
237
857
76
812
693
568
555
485
704
643
406
20
993
532
257
97
1023
84
961
139
953
1004
850
475
620
454
900
974
105
449
371
374
205
741
819
520
781
833
761
492
136
823
49
178
450
509
245
484
977
326
767
388
79
472
13
973
90
469
620
7
968
757
472
749
26
888
747
444
984
453
459
287
108
924
251
633
839
411
14
348
973
939
944
27
701
663
424
689
120
611
51
369
531
63
871
773
693
663
857
146
717
77
907
435
822
209
634
475
694
850
525
679
329
545
828
345
51
700
64
474
702
4
721
257
325
938
83
282
595
1013
294
740
967
289
933
67
12
593
1016
877
334
268
665
58
428
303
102
742
347
640
170
71
949
239
218
388
524
511
233
769
395
737
347
615
850
896
56
835
397
643
698
645
464
214
159
714
489
544
284
680
110
470
651
776
882
707
355
120
89
3
245
443
602
290
964
660
890
789
505
200
388
939
29
621
882
828
629
182
153
792
499
877
489
556
806
139
629
536
968
760
667
962
848
853
86
14
684
982
490
75
983
12
519
221
682
506
6
199
69
120
68
209
191
483
699
85
388
271
966
518
917
369
255
448
944
878
535
926
832
940
31
22
211
183
114
934
895
998
904
279
432
186
193
814
90
208
931
655
284
895
213
645
251
611
582
300
476
490
402
238
364
502
539
886
439
819
773
790
1019
951
394
748
73
7
374
0
587
5
796
694
452
497
22
92
658
420
602
923
427
672
638
941
628
951
752
961
224
102
656
65
271
363
71
170
834
934
181
672
785
645
372
94
21
364
651
209
424
243
376
762
713
366
238
129
666
894
829
293
121
158
198
990
293
289
474
850
381
1020
222
287
181
434
577
758
908
497
533
949
462
863
769
57
221
80
100
957
776
397
98
360
457
352
525
95
27
802
605
586
154
71
875
524
207
530
960
241
183
458
263
843
999
342
458
267
735
670
474
223
76
522
763
376
1004
227
182
850
356
145
171
818
542
294
629
428
931
995
879
451
775
891
61
706
452
988
809
400
269
703
56
762
940
815
71
937
42
963
859
344
482
528
495
731
137
220
93
496
319
782
320
611
667
356
23
426
105
157
909
337
440
696
959
798
736
119
235
49
552
828
819
907
519
716
139
642
542
1018
482
232
390
748
497
174
819
915
420
302
821
315
943
866
412
286
827
284
265
412
700
116
440
832
746
124
695
12
1010
935
257
348
711
687
451
559
193
165
261
784
710
697
1005
105
555
778
336
589
656
438
165
417
985
181
35
1015
833
427
354
354
1020
208
685
590
686
179
287
947
360
704
1003
698
400
910
501
0
563
951
532
594
593
756
962
217
776
555
982
190
215
503
741
700
770
596
291
410
934
868
657
543
177
395
562
956
168
938
820
965
433
579
809
334
892
397
755
658
293
510
113
545
419
240
645
770
8
919
966
981
904
187
137
39
173
345
147
238
1018
968
660
363
564
660
267
167
307
818
50
926
633
306
443
272
734
392
759
737
743
910
415
945
224
742
974
578
154
280
102
329
186
451
404
643
183
826
717
920
779
164
216
368
515
905
461
756
699
934
879
658
525
707
967
218
414
153
594
374
788
723
525
400
316
980
820
592
891
1013
35
534
669
538
336
366
58
402
863
25
66
223
966
355
774
29
10
679
430
72
200
573
1004
627
286
870
690
63
504
983
916
223
136
664
895
693
965
174
471
829
646
616
627
916
212
315
152
819
316
964
96
471
765
924
416
43
1000
44
757
622
743
1001
1017
296
381
724
979
26
418
554
82
867
400
439
687
423
137
789
475
146
260
183
277
989
180
952
152
514
921
411
163
215
353
974
752
914
138
294
242
333
493
386
141
342
167
1006
281
473
401
694
86
202
329
779
893
738
803
802
291
736
240
138
136
583
272
915
808
589
289
667
690
535
268
167
986
570
384
667
934
460
775
830
976
90
990
283
610
41
727
792
19
847
838
945
603
496
336
986
897
655
849
686
879
399
773
537
40
687
757
652
581
233
801
38
1013
589
665
179
727
250
809
913
280
377
857
72
304
199
772
703
89
51
523
514
94
160
987
448
435
683
704
118
135
789
543
206
529
979
839
107
859
938
410
900
658
821
523
157
553
270
105
85
539
705
326
24
906
67
255
1001
247
387
205
411
370
948
845
598
911
971
1010
981
849
487
910
50
264
1015
370
981
192
692
90
946
182
414
864
288
557
697
714
2
438
758
115
469
407
475
840
695
170
584
164
908
125
955
256
736
263
430
857
997
51
492
458
993
234
859
302
357
536
859
843
814
76
939
205
974
56
703
656
401
424
369
990
284
876
340
301
139
521
87
308
518
576
745
894
726
416
555
373
831
733
67
893
190
926
409
188
470
369
911
588
206
151
863
458
502
493
142
749
731
67
106
922
214
686
987
313
72
396
333
539
213
789
501
42
935
484
416
467
450
683
642
86
506
749
393
29
637
202
406
543
367
68
403
8
144
216
211
219
835
651
643
145
397
849
747
153
447
562
207
812
877
893
66
971
272
539
469
970
773
933
410
497
638
134
406
802
210
737
568
408
354
435
862
694
358
914
338
495
145
33
648
634
243
49
264
924
289
412
558
484
499
572
251
860
106
903
294
569
809
812
731
149
69
523
112
572
591
138
37
406
81
1018
161
323
283
129
943
367
561
890
989
287
112
510
352
1017
640
251
119
842
67
903
838
447
122
876
947
23
570
935
530
489
940
240
325
1001
622
660
113
1005
852
190
208
63
768
383
137
925
672
228
557
629
236
665
702
543
392
590
175
718
701
14
501
961
13
298
617
156
627
495
485
480
877
625
892
984
549
107
831
808
129
302
124
325
981
268
769
726
203
352
161
746
735
847
85
279
490
705
850
185
724
527
533
103
526
512
969
546
423
831
597
43
526
2
338
386
405
240
539
94
667
946
798
53
423
511
220
873
363
288
618
443
710
21
828
15
494
43
961
677
645
754
348
312
643
112
55
706
227
960
655
624
212
1008
679
937
99
918
375
932
470
609
38
50
221
87
923
640
479
748
873
937
77
381
39
221
6
264
619
80
668
567
1007
568
100
112
910
643
781
1022
198
1007
517
562
768
223
525
702
425
849
19
341
186
69
291
1003
20
14
978
458
486
710
786
836
749
197
296
154
432
123
966
395
297
631
537
690
1002
489
704
325
488
198
960
436
370
583
774
530
35
903
561
883
882
897
352
792
183
182
841
779
276
349
392
866
861
363
775
198
183
718
828
273
179
171
383
675
534
7
687
157
156
936
117
614
746
298
459
552
300
857
112
692
506
1015
589
154
695
75
448
200
219
346
573
808
870
646
66
628
624
387
475
586
352
877
698
464
711
926
449
902
217
1020
549
16
566
874
234
482
684
313
701
448
617
402
998
78
836
955
380
699
934
116
559
372
781
919
467
716
197
9
996
929
800
384
917
598
186
789
727
108
728
195
154
631
723
325
36
558
656
665
1002
182
690
371
644
186
464
602
524
982
675
244
667
185
310
908
350
6
942
332
239
410
426
763
492
417
575
616
163
978
648
674
322
440
91
313
274
234
311
262
798
342
26
272
531
236
70
120
94
179
36
531
390
66
752
508
470
490
64
208
75
157
513
892
587
374
2
871
125
752
717
419
498
800
794
603
852
950
524
689
990
965
10
482
385
957
677
71
891
637
251
168
391
444
565
222
277
193
657
201
580
935
441
424
834
372
754
682
512
488
361
367
787
422
529
867
720
320
805
234
787
39
607
410
618
620
290
856
974
692
504
140
452
788
31
928
792
287
567
725
144
296
913
462
335
647
180
530
994
287
527
683
86
742
263
97
561
763
713
182
212
697
855
443
768
488
468
832
620
31
77
700
623
427
630
129
792
551
876
917
627
501
68
952
829
141
196
120
460
224
917
36
421
567
550
919
835
572
556
948
251
690
234
34
111
411
762
255
6
747
713
56
294
749
385
887
472
368
204
253
330
712
666
543
536
240
599
682
689
442
474
250
391
858
107
978
1013
1006
743
1000
327
633
479
339
667
687
418
646
869
869
236
924
640
996
362
175
896
117
402
71
468
829
778
372
708
710
432
589
305
730
10
156
989
736
75
93
325
565
554
503
282
373
432
181
160
162
181
852
166
199
551
597
393
696
786
190
603
225
216
352
334
701
997
219
121
894
257
547
241
777
969
240
706
819
96
767
440
873
184
556
595
62
899
514
418
69
909
605
52
230
394
87
538
36
113
64
100
853
848
260
616
291
229
668
348
491
950
1011
621
559
919
829
351
350
386
69
212
688
405
731
118
170
293
937
649
917
216
921
218
257
647
677
789
292
943
398
1021
77
687
426
598
938
41
680
703
438
952
479
115
652
530
437
878
172
331
668
960
729
68
673
868
415
320
154
870
983
415
461
768
137
106
237
504
793
953
771
6
843
492
852
581
766
460
524
405
871
345
1009
693
297
157
789
107
136
716
1013
129
265
285
1014
237
308
742
90
793
602
936
514
845
861
994
881
617
915
678
455
499
242
341
738
862
896
234
75
203
379
691
745
691
329
458
309
597
466
701
287
799
199
432
431
442
918
413
295
60
617
699
540
694
23
486
611
148
916
106
915
4
247
946
434
112
5
920
439
352
367
176
117
437
714
497
774
262
696
884
1023
229
790
345
68
202
916
533
446
855
817
830
590
156
656
562
795
621
496
611
228
587
76
820
166
933
177
896
231
764
206
190
710
30
637
285
316
880
102
722
4
153
475
795
545
810
429
751
966
46
1004
573
196
636
696
603
195
119
38
427
540
168
465
505
165
575
926
584
132
724
766
656
428
499
585
964
670
759
376
352
642
526
220
115
275
987
187
13
6
105
392
495
389
167
71
685
707
811
387
988
67
957
553
810
276
598
906
96
244
389
227
237
337
838
352
617
1002
303
369
469
385
131
906
200
921
420
733
862
930
870
351
635
175
783
10
17
928
641
793
916
265
381
775
816
264
398
707
336
135
401
145
160
71
108
609
210
610
251
253
588
642
618
621
302
558
184
207
854
810
500
449
547
282
839
118
761
758
322
847
120
203
662
562
204
560
723
603
415
669
58
33
870
888
622
661
543
974
436
982
742
116
358
328
46
313
914
96
69
245
356
324
90
586
970
133
691
348
998
516
195
180
815
993
545
788
803
832
836
247
11
958
16
864
203
509
748
846
291
1016
61
344
891
24
119
759
308
30
960
844
871
92
859
275
708
793
416
115
751
816
981
539
199
188
883
969
210
213
36
424
467
634
761
486
193
651
462
788
396
627
730
660
618
257
694
547
933
94
770
837
724
461
904
188
913
46
88
267
720
597
656
666
848
131
688
845
950
390
829
414
90
682
657
675
151
797
334
630
898
138
4
50
67
836
118
159
367
958
473
696
221
114
515
809
39
192
903
780
525
173
201
1000
130
856
1021
1007
576
245
165
606
43
395
706
838
56
934
485
354
273
302
19
670
480
1010
172
372
170
96
584
22
815
334
647
287
258
512
1022
621
851
425
1019
148
922
848
112
425
308
475
643
718
818
939
60
152
459
638
766
833
682
292
366
378
438
637
915
558
197
537
139
387
360
90
225
183
284
730
80
438
137
571
494
902
630
661
444
345
981
131
84
74
658
254
149
977
361
806
979
790
606
703
350
905
349
75
429
437
103
890
425
254
177
102
702
435
506
499
601
340
640
1002
340
124
755
677
304
344
32
902
571
500
738
105
619
532
229
194
52
444
461
432
808
987
550
390
180
792
159
842
704
157
669
455
478
596
65
162
651
509
348
209
125
498
159
21
306
985
912
2
536
559
142
965
543
719
860
845
406
360
734
932
98
785
577
836
759
939
122
778
450
754
43
301
345
403
121
656
959
990
302
530
311
351
1013
121
110
1001
860
270
105
390
682
616
195
74
730
854
340
343
764
570
938
1017
2
44
10
805
315
901
788
557
521
151
228
979
60
99
259
925
494
538
603
54
286
724
959
177
234
706
267
906
808
45
840
697
988
418
407
702
8
638
283
876
56
357
398
721
209
91
812
265
834
489
982
273
63
833
941
268
733
929
598
632
259
888
162
473
175
540
923
394
269
939
724
442
414
859
778
786
370
893
90
1005
326
718
415
184
11
918
573
905
258
108
644
438
477
1012
31
581
209
350
497
151
778
500
615
231
186
668
505
249
600
19
916
223
905
11
642
452
889
55
305
104
252
215
373
660
747
671
410
580
827
435
873
148
510
162
678
121
23
625
582
525
458
474
164
177
196
290
967
691
377
432
167
957
414
948
889
246
612
689
957
242
539
170
491
255
277
140
713
1016
429
418
789
420
864
209
131
193
580
25
629
845
447
395
69
31
821
333
363
748
185
790
943
399
368
416
524
548
153
26
401
962
86
207
730
907
721
183
854
611
766
432
818
94
909
639
1002
123
673
306
503
111
234
860
588
562
719
526
821
469
418
95
140
896
785
600
611
424
310
754
993
1000
862
363
712
624
698
509
312
426
9
848
43
342
240
287
342
907
489
740
570
242
756
819
134
458
183
544
558
427
79
618
492
877
492
740
260
582
173
977
113
840
190
6
362
350
711
897
754
776
469
804
381
752
400
706
362
500
194
901
869
410
587
756
252
816
760
702
453
585
282
1012
674
482
356
647
891
773
640
843
300
283
523
306
947
996
760
513
949
689
641
915
790
609
62
568
168
209
68
995
895
438
822
598
683
918
674
21
350
858
113
73
743
427
671
745
460
811
557
161
566
943
690
38
968
670
598
822
33
787
663
492
864
265
386
720
830
599
468
515
577
21
717
545
927
332
450
272
545
255
899
159
983
396
505
217
321
908
955
68
752
909
673
1004
676
671
427
221
681
364
621
585
385
271
565
734
97
992
138
199
120
87
21
737
395
832
602
108
848
212
693
636
829
309
93
939
548
551
812
430
66
347
360
636
33
276
295
196
593
603
127
390
510
463
212
799
257
530
319
543
420
190
758
139
696
952
903
245
610
700
812
795
110
184
949
788
691
954
285
703
600
373
76
607
755
473
563
184
258
408
77
933
154
413
756
380
929
955
89
881
816
750
547
56
248
384
216
817
318
923
590
430
434
171
905
179
1019
35
754
58
462
853
640
443
395
124
359
518
332
489
66
973
402
608
423
444
22
113
530
1010
148
265
737
834
980
643
919
222
757
1
130
127
34
81
12
78
941
602
920
85
713
576
142
20
446
99
908
274
129
982
885
95
720
663
376
903
509
218
1010
10
220
565
274
366
371
611
635
893
0
135
262
226
140
936
48
64
103
630
759
758
822
387
36
503
664
268
897
692
308
633
857
152
832
331
214
133
720
187
713
281
936
301
293
87
718
995
135
923
470
527
469
467
251
247
379
292
759
674
935
697
502
388
643
1011
730
1003
488
1005
67
867
148
975
644
212
507
190
484
133
217
844
550
28
230
901
632
507
360
199
549
865
533
868
148
375
977
652
112
75
59
942
763
171
794
915
682
264
381
363
185
58
308
147
407
398
540
310
295
255
511
416
493
932
978
624
571
663
659
90
963
352
158
492
441
442
381
43
99
914
959
201
552
131
24
745
843
382
368
870
735
185
206
1015
320
456
938
801
772
229
339
719
177
114
375
1014
727
464
24
712
218
296
108
852
40
30
505
900
211
95
203
605
384
58
450
917
108
292
593
311
863
647
812
762
144
448
333
45
155
296
895
419
743
396
580
373
486
564
802
713
113
266
430
196
450
597
107
956
171
164
316
865
534
786
202
88
712
940
131
629
821
525
622
628
811
963
293
808
291
810
1014
794
1014
974
145
693
516
438
682
770
82
981
408
34
185
332
996
934
851
107
830
500
245
30
533
842
938
40
935
364
834
51
127
1012
389
552
276
151
733
243
348
88
342
895
218
61
740
28
48
57
487
676
97
845
317
52
284
328
613
395
916
283
567
442
190
5
70
268
881
55
894
325
106
191
941
843
122
574
58
863
887
901
705
563
586
825
903
706
1017
174
805
561
312
310
199
1006
591
752
711
151
519
172
178
255
26
1015
18
976
549
731
99
494
0
390
916
981
301
867
523
1011
656
904
109
347
209
424
368
476
56
481
679
540
768
857
855
438
853
756
502
439
19
133
159
672
295
792
576
17
915
627
484
930
510
878
606
626
465
235
651
6
675
297
945
698
415
133
118
917
316
266
155
1004
911
6
986
4
244
464
989
49
612
141
292
316
501
690
810
806
67
795
944
845
513
798
910
418
662
909
179
106
778
855
897
52
170
768
873
126
192
616
745
108
920
254
141
945
883
385
8
205
339
701
174
991
708
581
640
581
750
957
733
446
273
671
520
883
131
45
221
307
799
21
61
742
718
494
482
884
731
142
629
215
340
465
298
334
241
595
901
377
412
348
119
968
78
654
251
503
216
662
604
424
336
165
700
250
1017
311
929
659
195
284
340
127
228
1018
30
588
160
3
806
8
721
819
35
578
536
490
812
739
50
801
507
623
113
723
396
693
963
137
623
535
858
486
192
455
947
262
800
1021
164
156
600
287
572
120
731
957
707
229
556
713
924
543
160
358
847
351
718
663
85
239
118
115
823
430
271
845
258
936
326
421
227
27
811
623
36
635
873
843
150
380
532
419
195
78
326
32
711
1015
433
279
301
315
389
462
484
375
404
224
79
828
145
880
381
449
720
664
480
826
402
444
479
448
951
450
247
499
950
322
790
312
345
307
92
873
649
1016
956
84
620
711
986
457
105
618
740
536
217
975
569
182
129
106
365
842
454
550
552
248
347
553
248
790
582
938
610
283
364
624
723
173
619
870
644
433
480
552
281
935
153
789
325
896
1006
542
188
956
557
103
838
978
539
71
909
841
344
231
598
260
784
788
924
675
152
162
284
491
568
521
313
51
765
711
148
864
517
274
161
489
126
450
359
692
720
790
942
777
737
219
852
674
850
891
846
149
60
198
709
598
146
961
1006
694
847
597
938
364
886
475
972
725
358
379
851
816
954
21
559
855
466
16
646
907
740
628
494
905
258
291
614
1005
902
515
592
665
73
786
568
344
648
973
689
259
315
669
357
554
344
142
820
444
301
527
595
899
910
69
595
864
887
10
766
754
147
8
631
928
96
656
916
27
453
696
783
38
338
931
297
416
122
254
318
646
814
816
367
324
825
903
325
786
707
941
839
135
701
427
679
221
807
272
677
402
200
399
620
724
161
337
904
467
267
282
646
97
237
164
644
143
236
325
165
43
436
82
238
421
921
736
122
409
691
231
16
1016
511
48
537
201
86
639
955
590
518
932
744
321
109
623
102
176
880
297
557
632
380
69
255
106
84
237
71
672
267
274
154
163
485
955
214
816
199
6
452
67
780
239
820
542
896
656
1011
479
1021
259
456
210
217
244
182
222
794
203
61
314
310
27
627
481
47
686
237
17
390
432
526
395
283
482
356
932
887
597
202
136
415
1005
1015
761
948
814
518
483
709
266
809
341
299
929
255
618
738
946
884
106
165
823
437
167
155
515
127
342
538
293
130
811
28
248
321
723
639
970
1000
204
588
226
171
502
998
309
292
188
799
470
215
918
302
459
394
520
18
884
857
751
777
651
18
1002
292
1021
930
540
474
415
311
360
472
823
428
668
701
977
349
607
406
676
677
1002
427
424
494
6
889
671
340
635
159
895
907
425
943
366
329
489
990
901
647
922
234
248
222
580
378
790
195
546
1014
659
574
358
741
109
666
791
578
909
579
814
29
895
708
867
171
749
639
268
34
230
858
189
828
855
246
47
891
172
339
903
105
943
656
576
522
729
255
988
334
953
91
217
55
151
974
643
102
729
394
635
109
775
242
724
1015
744
208
351
953
595
957
819
683
646
721
337
282
904
837
5
573
360
454
327
133
600
503
184
669
813
761
925
950
406
932
1018
960
465
611
850
502
1018
215
450
672
182
966
206
665
565
705
825
594
522
823
184
500
928
491
856
938
772
400
349
450
114
222
72
148
680
220
87